1 64 34.75
35 35 30 25 20 15 10 5 35 15 20 25 35 20 15 10 30 20 35 35 45 25 20 15 25 25 35 35 45 45 35 20 20 35 45 45 35 35 25 25 15 20 25 45 35 35 20 30 10 15 20 35 25 20 15 35 5 10 15 20 25 30 35 35
16 1024 245.191
560 560 480 400 320 240 160 80 560 240 320 400 560 320 240 160 480 320 560 560 720 400 320 240 400 400 560 560 720 720 560 320 320 560 720 720 560 560 400 400 240 320 400 720 560 560 320 480 160 240 320 560 400 320 240 560 80 160 240 320 400 480 560 560
31 1904 428.498
996 1025 898 769 610 465 267 73 981 465 620 775 1085 620 424 233 820 620 1085 1085 1387 775 583 393 658 751 1085 1085 1385 1395 1073 550 555 1066 1395 1395 1073 1085 774 661 400 598 775 1395 1085 1085 620 822 240 443 620 1085 775 620 465 982 85 284 465 620 772 898 1022 996
46 2087 420.045
996 1022 822 543 310 212 138 40 983 530 664 756 1115 646 470 270 843 859 1294 1244 1426 719 516 330 608 782 964 954 1271 1371 1090 560 561 1073 1378 1285 914 972 824 597 330 504 754 1430 1226 1300 887 831 255 483 693 1107 696 661 543 981 25 150 249 284 521 825 1025 996
61 2274 407.255
996 1025 751 391 238 168 96 5 980 576 769 714 1135 672 431 180 870 1045 1410 1151 1264 629 441 223 564 853 928 890 1155 1325 1138 533 533 1138 1309 1169 870 941 869 565 224 459 626 1276 1123 1399 1050 875 180 449 653 1129 669 755 568 980 15 101 151 225 356 752 1026 996
76 2325 411.217
996 1027 706 318 180 130 90 5 982 593 764 675 1108 689 375 160 901 1227 1513 1050 1212 640 361 200 581 959 1000 867 1121 1285 1153 580 560 1137 1242 1094 912 1009 959 605 176 348 623 1236 1080 1511 1230 902 145 357 697 1123 724 737 603 982 5 93 125 195 328 708 1027 996
91 2341 411.697
996 1027 646 305 153 115 84 0 982 641 681 655 1096 687 414 115 912 1298 1528 1051 1234 612 369 146 625 993 1040 863 1096 1292 1209 605 610 1189 1270 1052 894 1011 997 618 155 334 641 1208 1084 1499 1278 911 121 387 713 1120 763 708 676 975 0 87 133 174 319 623 1027 996
106 2363 416.366
996 1070 645 293 178 123 90 0 981 754 735 721 1119 694 373 95 909 1329 1510 1065 1212 623 334 120 655 1030 1006 880 1073 1217 1240 640 635 1228 1259 1082 852 993 1072 655 160 339 621 1225 1025 1539 1411 914 129 368 684 1118 682 780 737 981 5 94 121 170 286 671 1030 996
121 2343 414.546
996 1115 670 315 168 121 91 0 982 756 717 738 1109 670 338 100 912 1358 1495 1060 1225 637 313 130 667 1068 1004 874 1062 1201 1264 668 645 1240 1157 1054 878 999 1080 685 170 278 612 1211 1044 1523 1392 919 140 357 732 1112 673 740 740 981 5 87 117 163 272 628 1030 996
136 2337 413.06
996 1128 654 305 160 121 88 0 979 764 725 716 1105 686 338 120 915 1358 1508 1044 1210 639 298 145 642 1065 1006 876 1061 1186 1249 630 618 1258 1202 1076 872 1001 1077 650 160 300 629 1233 1043 1509 1376 909 130 350 708 1112 684 748 755 981 5 92 118 168 287 659 1072 996
