1 16 25.0
10 20 20 10 20 30 30 20 20 30 30 20 10 20 20 10
26 416 175.804
260 520 520 260 520 780 780 520 520 780 780 520 260 520 520 260
51 816 315.706
510 1020 1020 510 1020 1530 1530 1020 1020 1530 1530 1020 510 1020 1020 510
76 1216 458.954
760 1520 1520 760 1520 2280 2280 1520 1520 2280 2280 1520 760 1520 1520 760
101 1386 511.746
953 2001 1950 994 1686 2633 2604 1767 1700 2625 2626 1762 966 1978 1991 985
126 1394 514.86
965 2020 2029 961 1732 2648 2672 1741 1738 2626 2646 1742 971 2005 2006 964
151 1387 512.697
972 2021 2012 972 1698 2627 2608 1763 1699 2659 2636 1762 969 2012 1998 980
176 1386 512.479
979 1996 2019 959 1708 2602 2612 1712 1707 2642 2640 1717 977 2014 2025 960
201 1386 512.481
979 1996 2019 959 1708 2602 2612 1712 1707 2642 2640 1717 977 2014 2025 960
226 1386 512.482
979 1996 2019 959 1708 2602 2612 1712 1707 2642 2640 1717 977 2014 2025 960
